         0   -0.0226
         0    0.0023
         0   -0.0060
         0    0.0023
         0    0.3587
         0    0.4107
         0    0.4082
   -0.1997    0.3992
   -0.3999    0.4257
   -0.6001    0.3997
   -0.8999    0.3986
   -1.0000    0.3785
   -1.1997    0.3790
   -1.2998    0.4049
   -1.3999    0.3918
   -1.5000   -0.1677
   -1.5000   -0.2843
   -1.3999   -0.2803
   -1.2998   -0.2974
   -1.0000   -0.3018
   -0.6001   -0.3115
   -0.3999   -0.2942
   -0.1001   -0.2998
    0.1001   -0.2970
    0.5000   -0.3006
    0.5996    0.3000
    0.7998    0.3951
    0.7998    0.3956
    0.5996    0.3931
    0.3994    0.4104
         0   -0.1465
   -0.1997   -0.2883
   -0.3999   -0.3014
   -0.3999   -0.3046
   -0.2998   -0.3087
   -0.1001   -0.3115
    0.1001   -0.3010
    0.3994   -0.3131
    0.5996   -0.3155
    0.7002   -0.3014
    0.8994    0.2966
    1.0000    0.3788
    0.8994    0.4030
    0.7998    0.4091
    0.5000    0.3937
    0.1001   -0.1611
   -0.1997   -0.2871
   -0.2998   -0.2958
   -0.2998   -0.2922
   -0.1997   -0.3087
   -0.1001   -0.3224
    0.3003   -0.2748
    0.3994   -0.3159
    0.5996   -0.3269
    0.7998   -0.2966
    0.8994   -0.2922
    1.0996   -0.2827
    1.0996   -0.2926
    1.2002   -0.2978
    1.3994   -0.3054
    1.3994   -0.3071
    1.5000   -0.3159
    1.5000   -0.2783
    1.5996   -0.3018
    1.5996   -0.2982
    1.7002   -0.2922
    1.7002   -0.3006
    1.7002   -0.3002
    1.7002   -0.2958
    1.7002   -0.2914
    1.7002   -0.3127
    1.7002   -0.3083
    1.7998   -0.3014
    1.7998   -0.2934
    1.7998   -0.3046
    1.7998    0.2986
    1.7002    0.3964
    1.5996    0.3754
    1.3994    0.4011
    0.8994    0.4191
    0.5996   -0.1896
    0.1001   -0.2595
         0   -0.2871
   -0.1001   -0.2990
         0   -0.2998
    0.1001   -0.2966
    0.3994   -0.3135
    0.5996   -0.3054
    0.7998   -0.2966
    0.8994   -0.2902
    1.0000   -0.3038
    1.0996   -0.2902
    1.2002   -0.2875
    1.3994   -0.3155
    1.5000   -0.3054
    1.5000    0.3049
    1.5000    0.3931
    1.3994    0.3893
    1.0996    0.3920
    0.7002    0.4006
    0.3994   -0.1722
         0   -0.2712
   -0.1001   -0.3002
   -0.1997   -0.2886
   -0.1001   -0.3245
    0.1001   -0.2851
    0.3994   -0.3067
    0.5000   -0.2918
    0.7002   -0.2728
    0.7998   -0.3018
    1.0000    0.2862
    1.0996    0.3862
    1.0000    0.3868
    0.7998    0.3873
    0.5000    0.3818
    0.1001    0.3849
   -0.1997    0.3995
   -0.3999    0.4462
   -0.6997    0.3904
   -0.8999    0.4058
   -1.1001   -0.1729
   -1.1997   -0.2831
   -1.1997   -0.2827
   -1.1001   -0.2906
   -0.8999   -0.2867
   -0.5000   -0.3095
   -0.1997   -0.3002
         0   -0.2886
    0.3003   -0.2902
    0.5000   -0.3253
    0.7002   -0.2982
    0.7998   -0.2890
    1.0000   -0.2994
    1.0996   -0.3038
    1.2002    0.3104
    1.2002    0.3835
    1.2002    0.4017
    0.8994    0.4140
    0.5996    0.3835
    0.3003   -0.1859
    0.0008   -0.2681
   -0.2998   -0.2768
   -0.2998   -0.2890
   -0.1997   -0.3245
         0   -0.2934
    0.3003    0.3229
    0.3994    0.3771
    0.3994    0.3909
    0.3003    0.4142
         0    0.3901
   -0.2998    0.3843
   -0.5000    0.3749
   -0.6997    0.4221
   -0.8999    0.3926
   -1.1001    0.3679
   -1.2998    0.3915
   -1.3999    0.3909
   -1.5000    0.3975
   -1.5000    0.4085
   -1.6001    0.3981
   -1.6997   -0.1893
   -1.6997   -0.2630
   -1.6001   -0.2982
   -1.5000   -0.3196
   -1.1997    0.2997
   -0.8999    0.3824
   -0.6997    0.4183
   -0.6001    0.3995
   -0.6997    0.3862
   -1.0000    0.3978
   -1.1001   -0.1465
   -1.1997   -0.2599
   -1.1997   -0.3111
   -1.1001   -0.3326
   -1.0000   -0.2855
   -0.6001    0.2661
   -0.3999    0.3898
   -0.1997    0.3624
   -0.2998    0.4000
   -0.3999    0.4017
   -0.6001    0.3956
   -0.8999    0.3964
   -1.0000    0.3912
   -1.1997    0.3777
   -1.3999   -0.1762
   -1.5000   -0.2732
   -1.3999   -0.2946
   -1.2998   -0.3034
   -1.1001   -0.3026
   -0.6997   -0.2990
   -0.3999    0.2934
   -0.1997    0.3796
   -0.1997    0.3981
   -0.1997    0.4017
   -0.2998    0.3729
   -0.5000    0.3818
   -0.6997    0.3923
   -1.0000    0.4011
   -1.1997    0.3746
   -1.2998    0.3959
   -1.5000   -0.1407
   -1.5000   -0.2756
   -1.5000   -0.2867
   -1.3999   -0.3204
   -1.1001   -0.3054
   -0.8999   -0.2934
   -0.5000   -0.3071
   -0.1997   -0.3058
         0   -0.3111
    0.3003   -0.3075
    0.5000   -0.2910
    0.7002   -0.3018
    0.7998   -0.3139
    0.8994   -0.2942
    1.0000   -0.3176
    1.0996   -0.2926
    1.0996   -0.3018
    1.2002   -0.2886
    1.3994   -0.3176
    1.3994   -0.3099
    1.5000   -0.2930
    1.5000   -0.2823
    1.5000   -0.2938
    1.5000   -0.2990
    1.5000   -0.2886
    1.5996    0.2763
    1.5996    0.4058
    1.3994    0.4424
    1.0996    0.3882
    0.7998    0.4003
    0.3994    0.3475
         0    0.3989
   -0.2998    0.4006
   -0.5000    0.4251
   -0.6997    0.3865
   -1.0000   -0.1498
   -1.1997   -0.2712
   -1.1997   -0.2934
   -1.1001   -0.2851
   -0.8999   -0.3131
   -0.5000   -0.2978
   -0.2998   -0.3038
   -0.1001   -0.3042
    0.3003   -0.2795
    0.5000   -0.3002
    0.7002    0.2873
    0.7998    0.3484
    0.7002    0.4006
    0.5996    0.3862
    0.3994    0.4132
         0    0.4208
   -0.2998    0.4153
   -0.5000    0.3948
   -0.8999    0.4118
   -1.0000    0.3829
   -1.1997   -0.1396