         0   -0.0330
         0   -0.0060
    0.0033    0.0110
    0.0137    0.0053
    0.0187    0.2308
    0.0169    0.2899
   -0.0097    0.2968
   -0.1098    0.3231
   -0.2578    0.3131
   -0.4264    0.3148
   -0.6011    0.3182
   -0.7660    0.3022
   -0.9166    0.2979
   -1.0496    0.2994
   -1.1610    0.2792
   -1.2532    0.3094
   -1.3281    0.2948
   -1.3873    0.3045
   -1.4408    0.3122
   -1.4853    0.2585
   -1.5255    0.2994
   -1.5577    0.3071
   -1.5743    0.2916
   -1.5927    0.3074
   -1.6113    0.2850
   -1.6266    0.2919
   -1.6409    0.2722
   -1.6489    0.2620
   -1.6529    0.2936
   -1.6485    0.3245
   -1.6408    0.2962
   -1.6426    0.3065
   -1.6543    0.2884
   -1.6643    0.2377
   -1.6737    0.2913
   -1.6726    0.2884
   -1.6587    0.3034
   -1.6520    0.2902
   -1.6504    0.3131
   -1.6538    0.2527
   -1.6588    0.3154
   -1.6639    0.2879
   -1.6600    0.2766
   -1.6644    0.2962
   -1.6650    0.2412
   -1.6627    0.3100
   -1.6583    0.2890
   -1.6464    0.3005
   -1.6462    0.3051